# Created by Octave 5.2.0, Tue Sep 01 08:55:33 2020 GMT <unknown@JP-00000794>
# name: y
# type: matrix
# rows: 9
# columns: 1
 200
 300
 400
 500
 600
 700
 800
 900
 1000


